4153825
6104154
6249125
4210718
4181135
623224
4621545
4211166
4121739
6062574
4567338
4153827
4539099
306223
6229071
654126
4550325
4114319
4165967
4527943
300424
4181144
6138173
6177697
6022023
6028324
6151663
4121967
4109995
4211437
4647553
6035291
306201
4212454
6073026
4211201
300401
300421
300821
4529247
4118793
4504369
6238674
6069259
6223631
6022064
300121
300321
300124
4211614
6225539
300123
4649749
4651236
4639693
4157124
4550348
6244886
6075079
6025026
4529240
4558957
4517992
4548180
614321
6003007
4211511
4504381
6252809
4181134
4211412
300423
4211149
4650630
6074890
4160403
4655172
4211221
4143562
6075075
6004938
365901
4211054
4520632
300323
